55555555555555
93275237985778
84567423985626
10293847564656
99999999999999
95347560134782
69832487612498
75623498531147
35697564297852
24689753244768
37864893752123
45698736925845
86325794615788
77663218641124
66773692558447
53999687914565
32545696315984
25896644324114
36644521489562
11489635447896
12395178642368
89111369751556
16145892642657
44647895135824
59539775697655
10305967510347
30256972035478
60204895034796
99035493998521
80359001468765
55587995235485
72235486474475
60003597564258
29986632458820