55555555555555 555555
93275237985778 645783
84567423985626 111111
10293847564656 123456
99999999999999 123456
95347560134782 963852
69832487612498 789101
75623498531147 070901
35697564297852 310501
24689753244768 099009
37864893752123 450110
45698736925845 423112
86325794615788 753951
77663218641124 110201
66773692558447 484454
53999687914565 858365
32545696315984 411106
25896644324114 176171
36644521489562 611792
11489635447896 460082
12395178642368 232474
89111369751556 396213
16145892642657 106595
44647895135824 729715
59539775697655 521895
10305967510347 274114
30256972035478 780514
60204895034796 479143
99035493998521 809476
80359001468765 430729
55587995235485 432762
72235486474475 550729
60003597564258 263910
29986632458820 137852